<!DOCTYPE html>
<html>
<head>
<meta charset="UTF-8">
<title>Curves</title>
<script src="https://cdn.plot.ly/plotly-1.52.2.min.js"></script>
</head>
<body>
<div id="chart"></div>
<script>
(function () {
  var data0 = {"x":[0.0,0.1,0.2,0.30000000000000004,0.4,0.5,0.6000000000000001,0.7000000000000001,0.8,0.9,1.0,1.1,1.2000000000000002,1.3,1.4000000000000001,1.5,1.6,1.7000000000000002,1.8,1.9000000000000001,2.0,2.1,2.2,2.3000000000000003,2.4000000000000004,2.5,2.6,2.7,2.8000000000000003,2.9000000000000004,3.0,3.1,3.2,3.3000000000000003,3.4000000000000004,3.5,3.6,3.7,3.8000000000000003,3.9000000000000004,4.0,4.1000000000000005,4.2,4.3,4.4,4.5,4.6000000000000005,4.7,4.800000000000001,4.9,5.0,5.1000000000000005,5.2,5.300000000000001,5.4,5.5,5.6000000000000005,5.7,5.800000000000001,5.9,6.0,6.1000000000000005,6.2,6.300000000000001,6.4,6.5,6.6000000000000005,6.7,6.800000000000001,6.9,7.0,7.1000000000000005,7.2,7.300000000000001,7.4,7.5,7.6000000000000005,7.7,7.800000000000001,7.9,8.0,8.1,8.200000000000001,8.3,8.4,8.5,8.6,8.700000000000001,8.8,8.9,9.0,9.1,9.200000000000001,9.3,9.4,9.5,9.600000000000001,9.700000000000001,9.8,9.9,10.0],"name":"Approx twice","type":"scatter","y":[-0.11230286408512362,-0.39447615580026657,0.41866224752253545,0.05917814706254476,0.35226828532348275,0.8568904003338956,0.6550071942685112,1.052863438751543,1.754374456321855,2.3323499258403175,3.8509142923164292,-0.18813687638579912,3.3575616249374924,2.301461203615613,1.3737262474838126,3.915116073527275,1.8965632703161874,4.944117079670299,3.966415342235547,4.676203299407041,3.287153578305137,3.0750327190613453,2.6403206145656855,4.122027602063591,3.678060640144783,4.49908870679164,5.403104080773376,4.299275522850887,3.6750637276852625,5.127912820554739,5.232794731067808,7.49693645295126,8.089939061518022,7.695528251158719,5.859545545377619,7.574888042631924,6.179613865165198,7.454213272929223,9.010442730004494,6.7530912897952335,6.81076256331353,8.179237448417592,9.081012988706027,8.490121650224388,7.932741305945932,10.402637248434496,10.474859113661314,10.59993739126414,8.594670412290752,8.66957049063504,9.825665508864244,10.750291512483487,10.1384015036934,11.304227416292584,11.350699969962148,10.903052473370316,10.547385845053935,11.087216405519893,12.36190691595569,11.594096693849854,12.422144819014461,12.00759383093432,13.10731223493421,13.192379856612083,13.514086884611714,14.730119864884916,12.305852604149198,15.153793580098148,11.93005793016599,12.25124887035738,12.668231123530548,13.487542075861839,15.574863159922785,14.719282469551656,14.86336593603348,15.104297582895326,13.567346620686786,17.644802844443845,16.377041269467952,15.464400980458265,18.42661472116391,15.460660840557594,16.82011552581005,18.067800516975407,17.60605797604976,16.69807435596756,15.96961206086802,15.985126775488483,15.582801191270427,16.531345618829494,17.033120019371214,17.855967679419344,18.502613123968782,20.012678047757184,17.561454844518963,18.624206876639256,18.477645766367104,18.985152577205863,19.302090018157102,19.27102657826901,19.820282333376497]};
  var data1 = {"x":[0.0,0.1,0.2,0.30000000000000004,0.4,0.5,0.6000000000000001,0.7000000000000001,0.8,0.9,1.0,1.1,1.2000000000000002,1.3,1.4000000000000001,1.5,1.6,1.7000000000000002,1.8,1.9000000000000001,2.0,2.1,2.2,2.3000000000000003,2.4000000000000004,2.5,2.6,2.7,2.8000000000000003,2.9000000000000004,3.0,3.1,3.2,3.3000000000000003,3.4000000000000004,3.5,3.6,3.7,3.8000000000000003,3.9000000000000004,4.0,4.1000000000000005,4.2,4.3,4.4,4.5,4.6000000000000005,4.7,4.800000000000001,4.9,5.0,5.1000000000000005,5.2,5.300000000000001,5.4,5.5,5.6000000000000005,5.7,5.800000000000001,5.9,6.0,6.1000000000000005,6.2,6.300000000000001,6.4,6.5,6.6000000000000005,6.7,6.800000000000001,6.9,7.0,7.1000000000000005,7.2,7.300000000000001,7.4,7.5,7.6000000000000005,7.7,7.800000000000001,7.9,8.0,8.1,8.200000000000001,8.3,8.4,8.5,8.6,8.700000000000001,8.8,8.9,9.0,9.1,9.200000000000001,9.3,9.4,9.5,9.600000000000001,9.700000000000001,9.8,9.9,10.0],"name":"Exp","type":"scatter","y":[1.0,1.1051709180756477,1.2214027581601699,1.3498588075760032,1.4918246976412703,1.6487212707001282,1.822118800390509,2.0137527074704766,2.225540928492468,2.45960311115695,2.718281828459045,3.0041660239464334,3.320116922736548,3.6692966676192444,4.055199966844675,4.4816890703380645,4.953032424395115,5.473947391727201,6.0496474644129465,6.68589444227927,7.38905609893065,8.166169912567652,9.025013499434122,9.974182454814724,11.023176380641605,12.182493960703473,13.463738035001692,14.879731724872837,16.444646771097055,18.174145369443067,20.085536923187668,22.197951281441636,24.532530197109352,27.112638920657893,29.964100047397025,33.11545195869231,36.59823444367799,40.4473043600674,44.701184493300836,49.40244910553019,54.598150033144236,60.340287597362,66.68633104092515,73.69979369959579,81.45086866496814,90.01713130052181,99.48431564193386,109.94717245212352,121.51041751873497,134.28977968493552,148.4131591025766,164.02190729990184,181.27224187515122,200.33680997479183,221.40641620418717,244.69193226422038,270.42640742615276,298.8674009670603,330.2995599096489,365.0374678653289,403.4287934927351,445.85777008251716,492.7490410932563,544.5719101259294,601.8450378720822,665.1416330443618,735.0951892419732,812.4058251675433,897.8472916504184,992.2747156050262,1096.6331584284585,1211.9670744925775,1339.430764394418,1480.2999275845464,1635.984429995927,1808.0424144560632,1998.195895104119,2208.347991887209,2440.6019776245007,2697.28232826851,2980.9579870417283,3294.4680752838403,3640.9503073323585,4023.872393822313,4447.066747699858,4914.768840299134,5431.659591362978,6002.912217261029,6634.24400627789,7331.973539155995,8103.083927575384,8955.292703482508,9897.129058743927,10938.019208165191,12088.380730216988,13359.726829661873,14764.781565577294,16317.60719801545,18033.744927828524,19930.370438230297,22026.465794806718]};

  var data = [data0, data1];
  var layout = {"title":"Curves"};
 var config = {};

  Plotly.plot('chart', data, layout, config);
})();
</script>
</body>
</html>
       