<!DOCTYPE html>
<html>
<head>
<meta charset="UTF-8">
<title>Curves</title>
<script src="https://cdn.plot.ly/plotly-1.52.2.min.js"></script>
</head>
<body>
<div id="chart"></div>
<script>
(function () {
  var data0 = {"x":[0.0,0.1,0.2,0.30000000000000004,0.4,0.5,0.6000000000000001,0.7000000000000001,0.8,0.9,1.0,1.1,1.2000000000000002,1.3,1.4000000000000001,1.5,1.6,1.7000000000000002,1.8,1.9000000000000001,2.0,2.1,2.2,2.3000000000000003,2.4000000000000004,2.5,2.6,2.7,2.8000000000000003,2.9000000000000004,3.0,3.1,3.2,3.3000000000000003,3.4000000000000004,3.5,3.6,3.7,3.8000000000000003,3.9000000000000004,4.0,4.1000000000000005,4.2,4.3,4.4,4.5,4.6000000000000005,4.7,4.800000000000001,4.9,5.0,5.1000000000000005,5.2,5.300000000000001,5.4,5.5,5.6000000000000005,5.7,5.800000000000001,5.9,6.0,6.1000000000000005,6.2,6.300000000000001,6.4,6.5,6.6000000000000005,6.7,6.800000000000001,6.9,7.0,7.1000000000000005,7.2,7.300000000000001,7.4,7.5,7.6000000000000005,7.7,7.800000000000001,7.9,8.0,8.1,8.200000000000001,8.3,8.4,8.5,8.6,8.700000000000001,8.8,8.9,9.0,9.1,9.200000000000001,9.3,9.4,9.5,9.600000000000001,9.700000000000001,9.8,9.9,10.0],"name":"Approx twice","type":"scatter","y":[-1.0870434403123188,0.09499225924743777,-0.09596141956732146,0.8674206676722435,-0.848073291018463,2.7067200014454027,0.9862419914523851,-0.7545442918373537,1.8552982841097632,1.8528696112074874,0.6946333748260731,3.3397477261760233,3.0102449088758068,1.0897390753431726,3.176780917436111,2.2671792176611207,2.7039379360294764,2.186877038217072,3.017640588697293,3.5037110906134354,3.4435825067862806,3.595203933194856,3.4187535152923902,3.979406919989702,3.835865793129291,5.1696939858087605,5.767472871353889,5.918771925191713,5.2865057618078914,5.730524505340668,5.14284367732425,6.152603991687679,7.673635825641262,7.22163593671016,4.7398677753694765,6.393625952474498,5.8195897589575045,7.820126624199823,5.946315667459552,7.200799899312209,7.646921320284399,8.050552260939687,8.302005885682307,7.068063505458006,7.240351183756357,9.034188319889708,8.01954844714452,7.869214585307954,11.829334660961889,9.818794151468794,8.990194844617417,12.261526416544104,8.992492504583074,11.637357772954541,11.56888683211518,10.588946960998676,10.90134072822561,11.366589219380163,10.463107505634209,11.929758071018838,12.599428827306463,12.088687576474042,12.148533387607916,11.650918047161182,13.153562482166738,10.590853555722521,14.165250224495669,14.141689841497508,12.760035647100901,13.79190622409055,12.445516094661544,16.107354038557403,15.67971356197844,13.360530902834238,13.208917632000633,13.696610133653481,15.538422884970327,14.661931159101398,16.592435205370265,15.9617107329192,15.444532362138125,16.302225350187936,16.497422369290174,16.707938008332945,14.838527953000536,16.7159672897468,16.79727537255215,18.282768092875145,17.08429247585187,18.790697087370077,18.6482991462605,18.455552836186584,20.119656304289094,19.027838494684456,18.81243252069194,18.352192657389804,18.240919504611256,19.155606636081846,20.298040931595654,20.561825120953976,20.76785106945164]};
  var data1 = {"x":[0.0,0.1,0.2,0.30000000000000004,0.4,0.5,0.6000000000000001,0.7000000000000001,0.8,0.9,1.0,1.1,1.2000000000000002,1.3,1.4000000000000001,1.5,1.6,1.7000000000000002,1.8,1.9000000000000001,2.0,2.1,2.2,2.3000000000000003,2.4000000000000004,2.5,2.6,2.7,2.8000000000000003,2.9000000000000004,3.0,3.1,3.2,3.3000000000000003,3.4000000000000004,3.5,3.6,3.7,3.8000000000000003,3.9000000000000004,4.0,4.1000000000000005,4.2,4.3,4.4,4.5,4.6000000000000005,4.7,4.800000000000001,4.9,5.0,5.1000000000000005,5.2,5.300000000000001,5.4,5.5,5.6000000000000005,5.7,5.800000000000001,5.9,6.0,6.1000000000000005,6.2,6.300000000000001,6.4,6.5,6.6000000000000005,6.7,6.800000000000001,6.9,7.0,7.1000000000000005,7.2,7.300000000000001,7.4,7.5,7.6000000000000005,7.7,7.800000000000001,7.9,8.0,8.1,8.200000000000001,8.3,8.4,8.5,8.6,8.700000000000001,8.8,8.9,9.0,9.1,9.200000000000001,9.3,9.4,9.5,9.600000000000001,9.700000000000001,9.8,9.9,10.0],"name":"Exp","type":"scatter","y":[1.0,1.1051709180756477,1.2214027581601699,1.3498588075760032,1.4918246976412703,1.6487212707001282,1.822118800390509,2.0137527074704766,2.225540928492468,2.45960311115695,2.718281828459045,3.0041660239464334,3.320116922736548,3.6692966676192444,4.055199966844675,4.4816890703380645,4.953032424395115,5.473947391727201,6.0496474644129465,6.68589444227927,7.38905609893065,8.166169912567652,9.025013499434122,9.974182454814724,11.023176380641605,12.182493960703473,13.463738035001692,14.879731724872837,16.444646771097055,18.174145369443067,20.085536923187668,22.197951281441636,24.532530197109352,27.112638920657893,29.964100047397025,33.11545195869231,36.59823444367799,40.4473043600674,44.701184493300836,49.40244910553019,54.598150033144236,60.340287597362,66.68633104092515,73.69979369959579,81.45086866496814,90.01713130052181,99.48431564193386,109.94717245212352,121.51041751873497,134.28977968493552,148.4131591025766,164.02190729990184,181.27224187515122,200.33680997479183,221.40641620418717,244.69193226422038,270.42640742615276,298.8674009670603,330.2995599096489,365.0374678653289,403.4287934927351,445.85777008251716,492.7490410932563,544.5719101259294,601.8450378720822,665.1416330443618,735.0951892419732,812.4058251675433,897.8472916504184,992.2747156050262,1096.6331584284585,1211.9670744925775,1339.430764394418,1480.2999275845464,1635.984429995927,1808.0424144560632,1998.195895104119,2208.347991887209,2440.6019776245007,2697.28232826851,2980.9579870417283,3294.4680752838403,3640.9503073323585,4023.872393822313,4447.066747699858,4914.768840299134,5431.659591362978,6002.912217261029,6634.24400627789,7331.973539155995,8103.083927575384,8955.292703482508,9897.129058743927,10938.019208165191,12088.380730216988,13359.726829661873,14764.781565577294,16317.60719801545,18033.744927828524,19930.370438230297,22026.465794806718]};

  var data = [data0, data1];
  var layout = {"title":"Curves"};
 var config = {};

  Plotly.plot('chart', data, layout, config);
})();
</script>
</body>
</html>
       